sudoku 16 4
 0 1 0 0    9 0 0 6   0 10 0 11  0 8 0 0
16 2 6 10   15 0 0 0   8 0 9 0   0 7 11 0
 0 0 13 8   14 1 0 11   0 0 15 5  16 6 0 2
11 0 7 12    0 3 0 10   0 6 0 0   0 1 0 0
                                                                         
 0 9 0 4    2 0 3 0   6 0 5 0   0 0 0 16
 0 15 0 0    0 9 16 5   2 0 8 10  11 12 14 0
13 0 2 5    8 10 0 0   0 16 1 0   9 15 0 3
 8 6 10 0   13 14 11 7   9 0 12 3   1 5 0 0
                                                                         
 0 0 4 1   12 13 0 2  10 11 3 9   0 16 5 8
10 0 16 13    0 6 5 0   0 0 7 12   2 14 0 15
 0 5 9 2    3 16 0 4  15 8 6 0   0 0 1 0
 6 0 0 0    0 8 0 15   0 2 0 16   4 0 9 0
                                                                         
 0 0 15 0    0 0 13 0   3 0 11 0  10 9 0 5
 7 0 1 6    5 4 0 0  16 0 10 15  14 2 0 0
 0 10 5 0    0 12 0 8   0 0 0 14  13 4 16 1
 0 0 8 0   10 0 1 0  13 0 0 6   0 0 12 0